First Thirty Probes :: 0, 4, 0
Last Thirty Probes :: 0, 23, 7


<   0 Is Empty >
<   1 Is Empty >

[   2,   59,  4]
[   3,   86, 10]
[   4,   50,  1]
[   5,   71,  3]
[   6,  105,  1]
[   7,   49,  5]
[   8,   37,  2]
[   9,  115,  3]

<  10 Is Empty >

[  11,   80,  3]
[  12,   35,  6]
[  13,   57,  6]
[  14,   38,  1]
[  15,   42,  1]
[  16,   77,  7]
[  17,   54,  2]

<  18 Is Empty >

[  19,   73,  2]

<  20 Is Empty >

[  21,   87,  2]

<  22 Is Empty >
<  23 Is Empty >

[  24,  116, 20]
[  25,  110, 11]
[  26,   63,  7]
[  27,   62,  2]
[  28,   57,  5]
[  29,   87,  5]
[  30,  110,  6]
[  31,   46,  1]

<  32 Is Empty >

[  33,   33,  0]
[  34,   52,  2]
[  35,   35,  0]
[  36,   36,  0]
[  37,   37,  0]
[  38,   38,  0]
[  39,   93,  1]
[  40,   45,  2]
[  41,   57,  1]
[  42,   42,  0]
[  43,   59,  5]
[  44,   85,  1]
[  45,   45,  0]
[  46,   46,  0]
[  47,   77, 19]
[  48,   54,  5]
[  49,   77,  2]
[  50,   52,  1]
[  51,   92,  1]
[  52,   52,  0]
[  53,   53,  0]
[  54,   54,  0]
[  55,   55,  0]
[  56,   63,  3]
[  57,   57,  0]
[  58,   58,  0]
[  59,   59,  0]
[  60,   60,  0]
[  61,   61,  0]
[  62,   62,  0]
[  63,   35,  2]
[  64,   80,  2]
[  65,   65,  0]
[  66,   45,  1]
[  67,   83,  2]
[  68,   74,  4]
[  69,  100,  7]
[  70,   70,  0]
[  71,   36,  1]
[  72,   80, 20]
[  73,   73,  0]
[  74,   54,  3]
[  75,   75,  0]
[  76,   75,  2]
[  77,   59,  6]
[  78,   78,  0]

<  79 Is Empty >

[  80,   80,  0]
[  81,   81,  0]
[  82,   50,  3]
[  83,   83,  0]
[  84,   80, 10]
[  85,   61,  2]
[  86,   86,  0]
[  87,   87,  0]
[  88,   33,  3]
[  89,   75, 12]
[  90,   71, 18]
[  91,   33,  1]
[  92,  116,  7]
[  93,   61,  1]
[  94,   94,  0]
[  95,   57,  3]

<  96 Is Empty >

[  97,   35,  1]
[  98,   53,  1]
[  99,   59,  2]
[ 100,   83,  1]
[ 101,   75, 13]

< 102 Is Empty >

[ 103,   97,  1]
[ 104,   80,  1]
[ 105,  105,  0]
[ 106,   40,  2]
[ 107,   33,  2]
[ 108,  108,  0]
[ 109,  117,  2]
[ 110,   43,  1]
[ 111,   80,  6]
[ 112,  112,  0]
[ 113,   78,  5]
[ 114,   42,  2]
[ 115,   61,  3]
[ 116,   54, 11]
[ 117,   35,  3]
[ 118,   75, 23]
[ 119,   38,  2]
[ 120,   75,  4]

< 121 Is Empty >

[ 122,   86,  2]
[ 123,   91,  6]
[ 124,  110,  3]
[ 125,   54,  9]
[ 126,   60,  1]
[ 127,   54,  4]

