First Thirty Probes :: 0, 10, 1
Last Thirty Probes :: 4, 76, 43


[   0,  110, 18]
[   1,   75, 54]
[   2,  116, 14]
[   3,   97, 34]
[   4,   75, 57]
[   5,   77, 56]
[   6,   92, 42]
[   7,  110, 25]
[   8,  105, 31]
[   9,   86, 51]
[  10,   80, 58]
[  11,  115, 24]
[  12,   91, 49]
[  13,   87, 54]
[  14,   78, 64]
[  15,   80, 63]
[  16,   75, 69]
[  17,   75, 70]
[  18,  116, 30]
[  19,   71, 76]
[  20,  100, 48]

<  21 Is Empty >
<  22 Is Empty >
<  23 Is Empty >
<  24 Is Empty >
<  25 Is Empty >
<  26 Is Empty >
<  27 Is Empty >
<  28 Is Empty >
<  29 Is Empty >
<  30 Is Empty >
<  31 Is Empty >
<  32 Is Empty >

[  33,   33,  0]
[  34,   33,  1]
[  35,   35,  0]
[  36,   36,  0]
[  37,   35,  2]
[  38,   35,  3]
[  39,   37,  2]
[  40,   37,  3]
[  41,   36,  5]
[  42,   42,  0]
[  43,   42,  1]
[  44,   42,  2]
[  45,   45,  0]
[  46,   46,  0]
[  47,   45,  2]
[  48,   45,  3]
[  49,   38, 11]
[  50,   50,  0]
[  51,   50,  1]
[  52,   52,  0]
[  53,   52,  1]
[  54,   54,  0]
[  55,   53,  2]
[  56,   53,  3]
[  57,   57,  0]
[  58,   57,  1]
[  59,   59,  0]
[  60,   58,  2]
[  61,   61,  0]
[  62,   62,  0]
[  63,   61,  2]
[  64,   61,  3]
[  65,   59,  6]
[  66,   59,  7]
[  67,   57, 10]
[  68,   61,  7]
[  69,   59, 10]
[  70,   60, 10]
[  71,   54, 17]
[  72,   60, 12]
[  73,   73,  0]
[  74,   52, 22]
[  75,   70,  5]
[  76,   75,  1]
[  77,   63, 14]
[  78,   59, 19]
[  79,   38, 41]
[  80,   80,  0]
[  81,   57, 24]
[  82,   57, 25]
[  83,   83,  0]
[  84,   54, 30]
[  85,   62, 23]
[  86,   86,  0]
[  87,   87,  0]
[  88,   86,  2]
[  89,   54, 35]
[  90,   54, 36]
[  91,   77, 14]
[  92,   33, 59]
[  93,   49, 44]
[  94,   33, 61]
[  95,   46, 49]
[  96,   81, 15]
[  97,   87, 10]
[  98,   63, 35]
[  99,   80, 19]
[ 100,   78, 22]
[ 101,   55, 46]
[ 102,   54, 48]
[ 103,   40, 63]
[ 104,   43, 61]
[ 105,   35, 70]
[ 106,   54, 52]
[ 107,   38, 69]
[ 108,   35, 73]
[ 109,   74, 35]
[ 110,   85, 25]
[ 111,   73, 38]
[ 112,   80, 32]
[ 113,   75, 38]
[ 114,  112,  2]
[ 115,   80, 35]
[ 116,   94, 22]
[ 117,   93, 24]
[ 118,  110,  8]
[ 119,   83, 36]
[ 120,   80, 40]
[ 121,  117,  4]
[ 122,  105, 17]
[ 123,  108, 15]
[ 124,   77, 47]
[ 125,   71, 54]
[ 126,   65, 61]
[ 127,   83, 44]
