First Thirty Probes :: 0, 5, 1
Last Thirty Probes :: 0, 30, 8


[   0,   67,  5]
[   1,  115, 10]

<   2 Is Empty >

[   3,   78,  2]
[   4,   86,  1]
[   5,  109,  1]
[   6,  115, 16]
[   7,   69,  3]
[   8,  115, 17]
[   9,   72,  2]
[  10,   65,  8]
[  11,   74, 11]
[  12,  112,  5]
[  13,  116,  5]
[  14,   66,  1]
[  15,  116,  4]
[  16,   99, 19]
[  17,   80,  4]

<  18 Is Empty >

[  19,   67, 14]
[  20,   67,  2]
[  21,   87,  2]
[  22,  119,  9]
[  23,  108,  7]

<  24 Is Empty >

[  25,   89,  1]

<  26 Is Empty >

[  27,  102,  2]
[  28,   74, 10]
[  29,   99,  3]
[  30,  109,  7]
[  31,  115, 21]
[  32,  105,  4]
[  33,   70, 10]
[  34,   65,  3]
[  35,  111,  5]
[  36,   69,  4]
[  37,  101,  1]

<  38 Is Empty >

[  39,   65,  2]
[  40,   67, 12]
[  41,   77,  3]
[  42,   65,  7]
[  43,  112,  8]
[  44,   85,  1]

<  45 Is Empty >

[  46,   99,  5]
[  47,   82,  5]
[  48,   78,  3]
[  49,   49,  0]

<  50 Is Empty >

[  51,  100,  1]
[  52,  110,  9]
[  53,  114,  6]
[  54,   74,  2]

<  55 Is Empty >

[  56,  111,  2]
[  57,   67,  4]
[  58,  112, 21]
[  59,  110,  4]
[  60,   67,  9]
[  61,   83,  3]
[  62,   77,  5]

<  63 Is Empty >

[  64,   68,  1]
[  65,   65,  0]
[  66,   66,  0]
[  67,   67,  0]
[  68,   68,  0]
[  69,   69,  0]
[  70,   70,  0]
[  71,   71,  0]
[  72,   70,  3]
[  73,   73,  0]
[  74,   67,  1]
[  75,   75,  0]
[  76,   76,  0]
[  77,   77,  0]
[  78,   78,  0]
[  79,   79,  0]
[  80,   80,  0]
[  81,   81,  0]
[  82,   65,  1]
[  83,   83,  0]
[  84,   84,  0]
[  85,   75,  1]
[  86,   86,  0]
[  87,   87,  0]
[  88,   83,  5]
[  89,   66,  3]
[  90,   90,  0]
[  91,   83,  7]
[  92,   68,  5]
[  93,  119,  5]

<  94 Is Empty >

[  95,   77,  6]
[  96,   67,  7]
[  97,  109,  8]
[  98,   98,  0]
[  99,   67, 13]
[ 100,   68,  3]
[ 101,   65,  4]
[ 102,   70,  1]
[ 103,  103,  0]
[ 104,   80,  1]
[ 105,  105,  0]
[ 106,   74,  6]

< 107 Is Empty >

[ 108,  108,  0]
[ 109,   70,  4]
[ 110,   74,  8]
[ 111,  114,  4]
[ 112,   74,  7]
[ 113,  113,  0]
[ 114,   82,  1]
[ 115,   68,  2]
[ 116,   71,  1]
[ 117,   74,  1]
[ 118,  112, 13]
[ 119,   83,  4]
[ 120,   67,  8]
[ 121,  115, 30]
[ 122,  112, 10]
[ 123,   82,  2]
[ 124,   67,  3]
[ 125,   65,  5]
[ 126,   74,  5]

< 127 Is Empty >

